# JWST NIRISS/SOSS GR700XD order 3 Reference Trace Positions
# SOSS Trace Study: TR#: TBD
# Authors: Tyler Baines, Nestor Espinoza
# email: tbaines@stsci.edu, nespinoza@stsci.edu
# Date Created (YYYY-MM-DD): 2023-05-01
# 
# Description: Reference model for order 1 trace positions at the commanded 
# positions angle of 245.7600 [deg] as well as the pivot point which the trace 
# will rotate about. This model will be used to predict the trace positions
# for a SOSS observation given the pupil wheel position angle for the GR700XD from the fits
# header keyword "PWCPOS". The pivot positions are given as the first row entry. 
# x_c=1444, y_c =361.65282998 
# x, y, pix, pix
# 
1444.0 361.65282998
4 145.0504617477054
5 145.06123805582277
6 145.0720927560228
7 145.08302593471484
8 145.0940376783076
9 145.1051280732102
10 145.11629720583161
11 145.12754516258087
12 145.1388720298669
13 145.15027789409876
14 145.16176284168552
15 145.17332695903596
16 145.18497033255926
17 145.19669304866426
18 145.20849519376026
19 145.22037685425593
20 145.23233811656044
21 145.24437906708272
22 145.25649979223184
23 145.26870037841678
24 145.28098091204637
25 145.29334147953003
26 145.30578216727622
27 145.31830306169437
28 145.33090424919325
29 145.34358581618187
30 145.35634784906932
31 145.36919043426448
32 145.38211365817645
33 145.39511760721433
34 145.4082023677868
35 145.42136802630324
36 145.43461466917236
37 145.44794238280323
38 145.46135125360493
39 145.4748413679863
40 145.48841281235653
41 145.50206567312452
42 145.51580003669923
43 145.5296159894897
44 145.54351361790498
45 145.55749300835404
46 145.57155424724584
47 145.5856974209894
48 145.59992261599365
49 145.61422991866775
50 145.62861941542056
51 145.64309119266105
52 145.65764533679842
53 145.67228193424148
54 145.6870010713993
55 145.70180283468085
56 145.71668731049513
57 145.7316545852512
58 145.74670474535802
59 145.76183787722454
60 145.77705406725983
61 145.79235340187276
62 145.8077359674726
63 145.82320185046808
64 145.8387511372682
65 145.8543839142821
66 145.8701002679188
67 145.88590028458717
68 145.9017840506963
69 145.91775165265508
70 145.93380317687263
71 145.94993870975804
72 145.96615833771992
73 145.9824621471677
74 145.99885022451016
75 146.01532265615623
76 146.03187952851513
77 146.0485209279956
78 146.06524694100696
79 146.08205765395795
80 146.09895315325755
81 146.115933525315
82 146.13299885653905
83 146.15014923333888
84 146.1673847421234
85 146.18470546930155
86 146.20211150128245
87 146.219602924475
88 146.23717982528828
89 146.2548422901313
90 146.272590405413
91 146.29042425754233
92 146.30834393292832
93 146.32634951798008
94 146.34444109910643
95 146.3626187627165
96 146.3808825952193
97 146.39923268302374
98 146.4176691125389
99 146.4361919701736
100 146.45480134233716
101 146.47349731543832
102 146.49227997588608
103 146.5111494100896
104 146.53010570445775
105 146.54914894539954
106 146.56827921932404
107 146.58749661264017
108 146.606801211757
109 146.62619310308347
110 146.6456723730286
111 146.66523910800137
112 146.68489339441084
113 146.7046353186659
114 146.7244649671756
115 146.744382426349
116 146.76438778259507
117 146.78448112232275
118 146.804662531941
119 146.8249320978591
120 146.84528990648565
121 146.86573604422995
122 146.88627059750084
123 146.9068936527074
124 146.92760529625855
125 146.94840561456334
126 146.96929469403088
127 146.99027262106983
128 147.01133948208962
129 147.03249536349895
130 147.0537403517069
131 147.07507453312246
132 147.09649799415467
133 147.11801082121247
134 147.13961310070493
135 147.161304919041
136 147.18308636262964
137 147.20495751787996
138 147.2269184712009
139 147.24896930900135
140 147.2711101176905
141 147.2933409836773
142 147.31566199337058
143 147.33807323317956
144 147.3605747895131
145 147.38316674878027
146 147.40584919739004
147 147.42862222175137
148 147.45148590827333
149 147.47444034336488
150 147.49748561343506
151 147.52062180489278
152 147.5438490041471
153 147.56716729760709
154 147.59057677168155
155 147.6140775127797
156 147.63766960731036
157 147.66135314168264
158 147.6851282023054
159 147.70899487558788
160 147.7329532479389
161 147.7570034057675
162 147.78114543548264
163 147.8053794234934
164 147.82970545620864
165 147.85412362003748
166 147.87863400138897
167 147.903236686672
168 147.92793176229551
169 147.95271931466868
170 147.97759943020037
171 148.00257219529965
172 148.0276376963755
173 148.05279601983682
174 148.0780472520928
175 148.10339147955227
176 148.12882878862433
177 148.15435926571791
178 148.17998299724206
179 148.2057000696058
180 148.23151056921802
181 148.25741458248777
182 148.28341219582413
183 148.30950349563602
184 148.3356885683324
185 148.36196750032235
186 148.38834037801485
187 148.41480728781886
188 148.44136831614344
189 148.46802354939754
190 148.4947730739902
191 148.52161697633036
192 148.54855534282706
193 148.57558825988917
194 148.60271581392593
195 148.62993809134613
196 148.65725517855893
197 148.68466716197324
198 148.71217412799803
199 148.73977616304236
200 148.76747335351524
201 148.79526578582556
202 148.82315354638246
203 148.85113672159483
204 148.87921539787166
205 148.90738966162206
206 148.93565959925502
207 148.9640252971794
208 148.99248684180426
209 149.02104431953867
210 149.04969781679156
211 149.07844741997198
212 149.10729321548894
213 149.1362352897512
214 149.16527372916812
215 149.1944086201485
216 149.22364004910142
217 149.25296810243574
218 149.28239286656057
219 149.31191442788486
220 149.34153287281768
221 149.3712482877679
222 149.4010607591447
223 149.43097037335696
224 149.4609772168137
225 149.49108137592384
226 149.52128293709652
227 149.55158198674073
228 149.5819786112653
229 149.61247289707939
230 149.64306493059198
231 149.67375479821197
232 149.70454258634842
233 149.7354283814104
234 149.76641226980675
235 149.79749433794666
236 149.82867467223898
237 149.85995335909269
238 149.8913304849169
239 149.92280613612058
240 149.95438039911272
241 149.98605336030232
242 150.01782510609834
243 150.0496957229098
244 150.08166529714572
245 150.11373391521514
246 150.1459016635269
247 150.17816862849014
248 150.2105348965138
249 150.24300055400693
250 150.2755656873785
251 150.3082303830375
252 150.34099472739288
253 150.3738588068538
254 150.40682270782904
255 150.43988651672774
256 150.47305031995887
257 150.50631420393145
258 150.53967825505438
259 150.5731425597368
260 150.6067072043876
261 150.6403722754158
262 150.6741378592305
263 150.70800404224062
264 150.74197091085506
265 150.77603855148297
266 150.81020705053322
267 150.84447649441498
268 150.87884696953705
269 150.9133185623086
270 150.9478913591385
271 150.9825654464358
272 151.01734091060953
273 151.05221783806866
274 151.08719631522217
275 151.12227642847913
276 151.15745826424842
277 151.1927419089391
278 151.2281274489602
279 151.26361497072074
280 151.2992045606296
281 151.33489630509578
282 151.37069029052844
283 151.40658660333645
284 151.44258532992885
285 151.47868655671465
286 151.5148903701028
287 151.5511968565024
288 151.58760610232224
289 151.62411819397155
290 151.66073321785925
291 151.69745126039427
292 151.73427240798563
293 151.7711967470424
294 151.8082243639735
295 151.84535534518804
296 151.88258977709484
297 151.91992774610307
298 151.95736933862165
299 151.9949146410596
300 152.0325637398259
301 152.0703167213295
302 152.1081736719795
303 152.1461346781848
304 152.18419982635447
305 152.2223692028976
306 152.2606428942229
307 152.29902098673963
308 152.33750356685675
309 152.37609072098314
310 152.41478253552788
311 152.45357909689997
312 152.49248049150845
313 152.5314868057622
314 152.5705981260703
315 152.60981453884168
316 152.64913613048543
317 152.68856298741053
318 152.72809519602598
319 152.76773284274068
320 152.80747601396374
321 152.84732479610415
322 152.88727927557076
323 152.92733953877283
324 152.96750567211913
325 153.0077777620188
326 153.04815589488075
327 153.08864015711407
328 153.12923063512764
329 153.16992741533062
330 153.21073058413177
331 153.25164022794033
332 153.2926564331651
333 153.33377928621528
334 153.3750088734997
335 153.41634528142737
336 153.45778859640743
337 153.49933890484874
338 153.54099629316036
339 153.58276084775125
340 153.6246326550305
341 153.66661180140696
342 153.70869837328974
343 153.75089245708787
344 153.79319413921016
345 153.8356035060658
346 153.8781206440637
347 153.9207456396129
348 153.96347857912238
349 154.00631954900115
350 154.04926863565814
351 154.09232592550248
352 154.13549150494305
353 154.1787654603889
354 154.22214787824902
355 154.26563884493243
356 154.30923844684804
357 154.35294677040497
358 154.3967639020122
359 154.4406899280786
360 154.48472493501333
361 154.5288690092253
362 154.57312223712347
363 154.61748470511694
364 154.6619564996147
365 154.7065377070257
366 154.75122841375892
367 154.79602870622338
368 154.8409386708281
369 154.88595839398207
370 154.93108796209432
371 154.97632746157373
372 155.02167697882945
373 155.0671366002704
374 155.11270641230556
375 155.15838650134395
376 155.20417695379462
377 155.25007785606647
378 155.29608929456862
379 155.34221135571
380 155.38844412589955
381 155.43478769154635
382 155.48124213905933
383 155.52780755484756
384 155.5744840253201
385 155.62127163688578
386 155.66817047595362
387 155.71518062893273
388 155.76230218223208
389 155.80953522226065
390 155.85687983542738
391 155.9043361081414
392 155.95190412681154
393 155.99958397784692
394 156.04737574765653
395 156.09527952264935
396 156.14329538923437
397 156.19142343382055
398 156.23966374281696
399 156.28801640263256
400 156.33648149967635
401 156.3850591203573
402 156.43374935108454
403 156.48255227826687
404 156.53146798831347
405 156.58049656763325
406 156.62963810263517
407 156.67889267972834
408 156.7282603853216
409 156.7777413058241
410 156.8273355276448
411 156.8770431371926
412 156.9268642208766
413 156.97679886510585
414 157.0268471562893
415 157.07700918083583
416 157.12728502515458
417 157.1776747756544
418 157.22817851874444
419 157.27879634083374
420 157.32952832833112
421 157.38037456764565
422 157.43133514518638
423 157.4824101473623
424 157.5335996605822
425 157.58490377125545
426 157.6363225657908
427 157.6878561305973
428 157.73950462524007
429 157.79126850190903
430 157.8431482859501
431 157.8951445027093
432 157.94725767753263
433 157.99948833576596
434 158.05183700275543
435 158.10430420384697
436 158.1568904643865
437 158.20959630972007
438 158.26242226519358
439 158.3153688561533
440 158.3684366079449
441 158.42162604591454
442 158.47493769540813
443 158.52837208177158
444 158.58192973035102
445 158.6356111664924
446 158.68941691554173
447 158.74334750284493
448 158.79740345374807
449 158.851585293597
450 158.9058935477378
451 158.96032874151652
452 159.014891400279
453 159.06958204937132
454 159.12440121413948
455 159.17934941992945
456 159.2344271920872
457 159.28963505595874
458 159.34497353688997
459 159.40044316022696
460 159.45604445131573
461 159.5117779355022
462 159.56764413813235
463 159.6236435845523
464 159.67977680010782
465 159.73604431014502
466 159.7924466400099
467 159.84898431504834
468 159.9056578606065
469 159.9624678020303
470 160.0194146646656
471 160.0764989738585
472 160.13372125495508
473 160.1910820333011
474 160.24858183424274
475 160.30622118312593
476 160.36400060529655
477 160.42192062610073
478 160.47998177088442
479 160.5381845649936
480 160.59652953377423
481 160.6550172025723
482 160.71364809673386
483 160.7724227416048
484 160.8313416625312
485 160.89040538485904
486 160.94961443393422
487 161.0089693351027
488 161.06847061371073
489 161.12811879510394
490 161.1879144046286
491 161.24785796763052
492 161.30795000945574
493 161.36819105545032
494 161.42858163096014
495 161.48912226133126
496 161.54981347190963
497 161.61065578804124
498 161.6716497350721
499 161.73279583834815
500 161.79409462321547
501 161.85554661501996
502 161.91715233910762
503 161.97891232082446
504 162.04082708551644
505 162.10289715852954
506 162.1651230652098
507 162.2275053309032
508 162.29004448095566
509 162.3527410407132
510 162.41559553552193
511 162.4786084907276
512 162.54178043167633
513 162.60511188371413
514 162.66860337218694
515 162.73225542244077
516 162.79606855982158
517 162.86004330967538
518 162.92418019734816
519 162.98847974818594
520 163.05294248753464
521 163.1175689407402
522 163.1823596331488
523 163.2473150901062
524 163.3124358369586
525 163.3777223990518
526 163.44317530173186
527 163.50879507034483
528 163.5745822302366
529 163.64053730675317
530 163.7066608252406
531 163.77295331104486
532 163.83941528951183
533 163.90604728598765
534 163.97284982581823
535 164.03982343434953
536 164.1069686369275
537 164.17428595889828
538 164.24177592560773
539 164.3094390624019
540 164.37727589462673
541 164.44528694762832
542 164.51347274675246
543 164.5818338173453
544 164.6503706847527
545 164.71908387432083
546 164.78797391139545
547 164.85704132132273
548 164.9262866294486
549 164.995710361119
550 165.06531304167987
551 165.13509519647744
552 165.20505735085746
553 165.27520003016602
554 165.34552375974903
555 165.4160290649525
556 165.4867164711226
557 165.55758650360505
558 165.62863968774593
559 165.69987654889133
560 165.77129761238703
561 165.84290340357924
562 165.91469444781384
563 165.98667127043677
564 166.05883439679405
565 166.13118435223177
566 166.20372166209572
567 166.2764468517321
568 166.34936044648677
569 166.42246297170573
570 166.495754952735
571 166.5692369149205
572 166.6429093836083
573 166.71677288414438
574 166.79082794187468
575 166.86507508214518
576 166.9395148303019
577 167.01414771169084
578 167.08897425165787
579 167.1639949755492
580 167.23921040871062
581 167.3146210764882
582 167.39022750422788
583 167.46603021727574
584 167.54202974097768
585 167.61822660067978
586 167.69462132172782
587 167.77121442946802
588 167.84800644924627
589 167.92499790640852
590 168.0021893263008
591 168.07958123426914
592 168.15717415565948
593 168.23496861581782
594 168.31296514009009
595 168.3911642538223
596 168.46956648236053
597 168.54817235105074
598 168.6269823852387
599 168.7059971102707
600 168.78521705149254
601 168.86464273425028
602 168.94427468388994
603 169.0241134257574
604 169.10415948519875
605 169.1844133875599
606 169.2648756581868
607 169.34554682242563
608 169.42642740562218
609 169.50751793312253
610 169.58881893027265
611 169.67033092241851
612 169.75205443490614
613 169.83398999308147
614 169.91613812229045
615 169.9984993478792
616 170.08107419519368
617 170.16386318957979
618 170.2468668563836
619 170.33008572095096
620 170.41352030862808
621 170.49717114476073
622 170.581038754695
623 170.6651236637769
624 170.74942639735238
625 170.8339474807673
626 170.9186874393679
627 171.00364679850006
628 171.08882608350967
629 171.1742258197429
630 171.25984653254554
631 171.34568874726372
632 171.43175298924334
633 171.5180397838305
634 171.60454965637098
635 171.69128313221103
636 171.77824073669646
637 171.86542299517328
638 171.95283043298755
639 172.04046357548515
640 172.12832294801208
641 172.21640907591444
642 172.3047224845382
643 172.39326369922924
644 172.48203324533355
645 172.57103164819722
646 172.66025943316615
647 172.74971712558641
648 172.83940525080385
649 172.92932433416465
650 173.0194749010146
651 173.10985747669991
652 173.20047258656635
653 173.29132075595996
654 173.38240251022683
655 173.4737183747128
656 173.56526887476397
657 173.65705453572627
658 173.7490758829457
659 173.84133344176828
660 173.93382773753996
661 174.0265592956068
662 174.11952864131464
663 174.21273630000962
664 174.30618279703762
665 174.39986865774466
666 174.4937944074767
667 174.58796057157977
668 174.68236767539986
669 174.777016244283
670 174.87190680357503
671 174.96703987862207
672 175.06241599477005
673 175.158035677365
674 175.2538994517529
675 175.3500078432796
676 175.44636137729128
677 175.54296057913385
678 175.6398059741533
679 175.73689808769558
680 175.8342374451067
681 175.9318245717327
682 176.02965999291953
683 176.12774423401314
684 176.22607782035954
685 176.32466127730476
686 176.42349513019468
687 176.5225799043754
688 176.62191612519288
689 176.72150431799304
690 176.82134500812194
691 176.92143872092558
692 177.02178598174984
693 177.12238731594078
694 177.22324324884445
695 177.32435430580676
696 177.4257210121737
697 177.52734389329126
698 177.62922347450538
699 177.73136028116218
700 177.83375483860746
701 177.9364076721874
702 178.03931930724795
703 178.14249026913492
704 178.24592108319447
705 178.3496122747726
706 178.45356436921517
707 178.5577778918683
708 178.66225336807784
709 178.76699132318984
710 178.87199228255028
711 178.97725677150527
712 179.08278531540068
713 179.18857843958244
714 179.29463666939668
715 179.40096053018917
716 179.50755054730615
717 179.61440724609344
718 179.72153115189712
719 179.8289227900631
720 179.93658268593734
721 180.04451136486608
722 180.152709352195
723 180.2611771732702
724 180.3699153534377
725 180.47892441804345
726 180.58820489243342
727 180.6977573019536
728 180.80758217195003
729 180.91768002776863
730 181.02805139475552
731 181.13869679825652
732 181.24961676361772
733 181.3608118161851
734 181.47228248130452
735 181.5840292843221
736 181.69605275058373
737 181.80835340543564
738 181.92093177422353
739 182.03378838229355
740 182.14692375499152
741 182.26033841766363
742 182.3740328956558
743 182.48800771431397
744 182.6022633989841
745 182.71680047501226
746 182.8316194677444
747 182.9467209025265
748 183.0621053047046
749 183.17777319962454
750 183.29372511263247
751 183.40996156821092
752 183.5264830934232
753 183.64329021276131
754 183.76038345157107
755 183.8777633351986
756 183.9954303889899
757 184.11338513829085
758 184.23162810844752
759 184.35015982480587
760 184.46898081271198
761 184.5880915975117
762 184.70749270455104
763 184.827184659176
764 184.9471679867326
765 185.0674432125668
766 185.18801086202456
767 185.30887146045188
768 185.43002553319488
769 185.5514736055994
770 185.67321620301144
771 185.79525385077696
772 185.9175870742421
773 186.04021639875262
774 186.16314234965463
775 186.28636545229412
776 186.4098862320171
777 186.53370521416952
778 186.65782292409742
779 186.78223988714655
780 186.90695662866324
781 187.0319736739933
782 187.15729154848256
783 187.28291077870756
784 187.40883188756732
785 187.53505540162462
786 187.6615818462253
787 187.7884117467154
788 187.91554562844098
789 188.042984016748
790 188.17072743698242
791 188.29877641449025
792 188.4271314746174
793 188.55579314270994
794 188.68476194411392
795 188.8140384041751
796 188.94362304823966
797 189.0735164016536
798 189.20371898976276
799 189.3342313379131
800 189.46505397145089
801 189.59618741572186
802 189.72763219607222
803 189.8593888378476
804 189.9914578663944
805 190.12383980705835
806 190.25653518518547
807 190.38954452612168
808 190.52286835521318
809 190.65650719780584
810 190.79046157924563
811 190.92473202487852
812 191.05931906005054
813 191.1942232101077
814 191.32944500039596
815 191.46498495626122
816 191.60084360304964
817 191.737021466107
818 191.8735190707794
819 192.01033694241295
820 192.14747560635342
821 192.284935587947
822 192.42271741253936
823 192.56082160547678
824 192.69924869210524
825 192.83799919777059
826 192.977073647819
827 193.1164725675962
828 193.25619648244825
829 193.39624591772122
830 193.53662139876107
831 193.67732345091395
832 193.81835259952553
833 193.95970936994192
834 194.1013942875093
835 194.24340787757342
836 194.38575066548032
837 194.52842317657598
838 194.67142593620653
839 194.81475946971773
840 194.9584243024558
841 195.10242095976648
842 195.24674996699596
843 195.39141184949008
844 195.53640713259492
845 195.68173634165655
846 195.8274000020208
847 195.97339863903366
848 196.1197327780412
849 196.26640294438943
850 196.41340966342415
851 196.5607534604914
852 196.70843486093753
853 196.85645439010798
854 197.0048125733492
855 197.15350993600683
856 197.30254700342718
857 197.45192430095585
858 197.6016423539391
859 197.75170168772294
860 197.90210282765312
861 198.05284629907587
862 198.20393262733708
863 198.35536233778265
864 198.5071359557588
865 198.6592540066113
866 198.81171701568627
867 198.96452550832956
868 199.11768000988724
869 199.2711810457052
870 199.42502914112973
871 199.57922482150636
872 199.73376861218154
873 199.8886610385009
874 200.04390262581072
875 200.1994938994567
876 200.35543538478493
877 200.51172760714164
878 200.66837109187236
879 200.82536636432337
880 200.98271394984064
881 201.1404143737702
882 201.29846816145778
883 201.45687583824966
884 201.61563792949178
885 201.77475496052995
886 201.93422745671018
887 202.09405594337875
888 202.25424094588132
889 202.41478298956417
890 202.57568259977293
891 202.73694030185385
892 202.89855662115275
893 203.06053208301574
894 203.22286721278894
895 203.385562535818
896 203.5486185774491
897 203.7120358630283
898 203.8758149179013
899 204.03995626741442
900 204.20446043691342
901 204.36932795174442
902 204.53455933725334
903 204.70015511878626
904 204.86611582168902
905 205.03244197130763
906 205.19913409298812
907 205.36619271207653
908 205.53361835391894
909 205.70141154386098
910 205.869572807249
911 206.03810266942875
912 206.20700165574632
913 206.3762702915478
914 206.5459091021789
915 206.71591861298577
916 206.88629934931464
917 207.05705183651094
918 207.22817659992117
919 207.39967416489097
920 207.57154505676658
921 207.74378980089386
922 207.9164089226189
923 208.08940294728734
924 208.26277240024575
925 208.43651780683942
926 208.610639692415
927 208.78513858231815
928 208.960015001895
929 209.13526947649117
930 209.31090253145302
931 209.4869146921264
932 209.66330648385755
933 209.84007843199188
934 210.01723106187598
935 210.1947648988555
936 210.37268046827646
937 210.55097829548512
938 210.72965890582705
939 210.90872282464844
940 211.0881705772953
941 211.26800268911356
942 211.44821968544926
943 211.6288220916486
944 211.80981043305658
945 211.9911852350205
946 212.17294702288586
947 212.35509632199856
948 212.53763365770433
949 212.7205595553497
950 212.9038745402801
951 213.0875791378419
952 213.27167387338093
953 213.45615927224355
954 213.64103585977523
955 213.82630416132216
956 214.0119647022301
957 214.19801800784538
958 214.38446460351398
959 214.57130501458175
960 214.7585397663946
961 214.9461693842989
962 215.13419439363972
963 215.32261531976425
964 215.5114326880176
965 215.7006470237463
966 215.89025885229583
967 216.08026869901292
968 216.27067708924275
969 216.46148454833133
970 216.6526916016254
971 216.84429877447045
972 217.0363065922124
973 217.22871558019744
974 217.4215262637716
975 217.61473916828058
976 217.80835481907025
977 218.00237374148736
978 218.19679646087707
979 218.391623502586
980 218.58685539195972
981 218.78249265434425
982 218.97853581508556
983 219.17498539953007
984 219.3718419330235
985 219.56910594091133
986 219.7667779485403
987 219.9648584812559
988 220.16334806440463
989 220.36224722333196
990 220.56155648338412
991 220.761276369907
992 220.96140740824654
993 221.16195012374914
994 221.36290504176014
995 221.5642726876262
996 221.76605358669275
997 221.96824826430594
998 222.17085724581173
999 222.37388105655634
1000 222.5773202218859
1001 222.7811752671455
1002 222.9854467176822
1003 223.19013509884115
1004 223.39524093596887
1005 223.60076475441124
1006 223.80670707951413
1007 224.01306843662374
1008 224.21984935108554
1009 224.42705034824593
1010 224.6346719534511
1011 224.8427146920469
1012 225.05117908937862
1013 225.26006567079335
1014 225.46937496163622
1015 225.67910748725376
1016 225.88926377299165
1017 226.09984434419616
1018 226.3108497262129
1019 226.52228044438795
1020 226.7341370240675
1021 226.94641999059763
1022 227.1591298693239
1023 227.37226718559268
1024 227.58583246474956
1025 227.79982623214087
1026 228.01424901311248
1027 228.22910133301022
1028 228.44438371718067
1029 228.66009669096908
1030 228.87624077972194
1031 229.09281650878475
1032 229.3098244035041
1033 229.5272649892255
1034 229.7451387912953
1035 229.96344633505925
1036 230.18218814586334
1037 230.40136474905302
1038 230.62097666997528
1039 230.84102443397597
1040 231.0615085664007
1041 231.2824295925952
1042 231.5037880379063
1043 231.72558442767917
1044 231.94781928726033
1045 232.17049314199497
1046 232.39360651723024
1047 232.6171599383114
1048 232.84115393058508
1049 233.065589019396
1050 233.2904657300911
1051 233.51578458801637
1052 233.74154611851742
1053 233.96775084694042
1054 234.19439929863148
1055 234.4214919989365
1056 234.64902947320175
1057 234.87701224677218
1058 235.1054408449952
1059 235.3343157932157
1060 235.5636376167803
1061 235.7934068410344
1062 236.0236239913245
1063 236.25428959299654
1064 236.4854041713961
1065 236.71696825187007
1066 236.94898235976336
1067 237.18144702042247
1068 237.4143627591932
1069 237.64773010142179
1070 237.88154957245428
1071 238.11582169763636
1072 238.35054700231424
1073 238.5857260118337
1074 238.82135925154134
1075 239.05744724678192
1076 239.29399052290248
1077 239.53098960524852
1078 239.7684450191665
1079 240.00635729000166
1080 240.2447269431009
1081 240.48355450380967
1082 240.7228404974738
1083 240.96258544943973
1084 241.20278988505274
1085 241.44345432965966
1086 241.6845793086059
1087 241.92616534723786
1088 242.16821297090112
1089 242.41072270494178
1090 242.6536950747068
1091 242.89713060554013
1092 243.14102982278973
1093 243.3853932518003
1094 243.6302214179183
1095 243.87551484648995
1096 244.12127406286083
1097 244.36749959237702
1098 244.61419196038446
1099 244.8613516922297
1100 245.10897931325817
1101 245.35707534881607
1102 245.6056403242489
1103 245.85467476490314
1104 246.10417919612468
1105 246.35415414325988
1106 246.60460013165368
1107 246.855517686653
1108 247.10690733360354
1109 247.35876959785162
1110 247.61110500474265
1111 247.86391407962248
1112 248.11719734783875
1113 248.37095533473533
1114 248.62518856565876
1115 248.87989756595564
1116 249.13508286097172
1117 249.39074497605284
1118 249.64688443654504
1119 249.90350176779464
1120 250.16059749514713
1121 250.4181721439484
1122 250.67622623954495
1123 250.93476030728257
1124 251.19377487250713
1125 251.45327046056462
1126 251.71324759680147
1127 251.97370680656343
1128 252.23464861519602
1129 252.49607354804593
1130 252.757982130458
1131 253.0203748877795
1132 253.28325234535575
1133 253.54661502853347
1134 253.81046346265722
1135 254.07479817307456
1136 254.33961968513037
1137 254.60492852417096
1138 254.870725215543
1139 255.13701028459144
1140 255.40378425666282
1141 255.67104765710243
1142 255.93880101125737
1143 256.20704484447344
1144 256.47577968209566
1145 256.7450060494707
1146 257.01472447194476
1147 257.28493547486363
1148 257.55563958357334
1149 257.826837323419
1150 258.09852921974743
1151 258.3707157979049
1152 258.6433975832371
1153 258.9165751010903
1154 259.19024887680956
1155 259.4644194357417
1156 259.73908730323177
1157 260.0142530046274
1158 260.28991706527285
1159 260.5660800105153
1160 260.8427423656999
1161 261.1199046561737
1162 261.3975674072821
1163 261.67573114437056
1164 261.95439639278504
1165 262.23356367787255
1166 262.51323352497843
1167 262.7934064594489
1168 263.0740830066303
1169 263.3552636918669
1170 263.6369490405071
1171 263.91913957789484
1172 264.2018358293776
1173 264.48503832030065
1174 264.76874757600956
1175 265.0529641218511
1176 265.33768848317186
1177 265.6229211853158
1178 265.9086627536299
1179 266.19491371346163
1180 266.4816745901548
1181 266.7689459090562
1182 267.05672819551194
1183 267.34502197486853
1184 267.6338277724703
1185 267.9231461136651
1186 268.21297752379814
1187 268.503322528215
1188 268.7941816522618
1189 269.0855554212853
1190 269.3774443606305
1191 269.6698489956446
1192 269.96276985167293
1193 270.2562074540601
1194 270.5501623281544
1195 270.84463499930024
1196 271.1396259928438
1197 271.43513583413255
1198 271.73116504851095
1199 272.02771416132526
1200 272.3247836979213
1201 272.62237418364623
1202 272.9204861438443
1203 273.219120103863
1204 273.51827658904705
1205 273.8179561247436
1206 274.11815923629825
1207 274.4188864490564
1208 274.72013828836464
1209 275.0219152795684
1210 275.3242179480138
1211 275.6270468190483
1212 275.9304024180158
1213 276.2342852702631
1214 276.5386959011365
1215 276.8436348359822
1216 277.1491026001449
1217 277.45509971897184
1218 277.76162671780884
1219 278.06868412200083
1220 278.37627245689504
1221 278.6843922478372
1222 278.99304402017356
1223 279.3022282992485
1224 279.61194561041003
1225 279.92219647900356
1226 280.23298143037306
1227 280.5443009898674
1228 280.8561556828318
1229 281.16854603461115
1230 281.48147257055274
1231 281.79493581600144
1232 282.1089362963039
1233 282.4234745368053
1234 282.73855106285384
1235 283.0541663997927
1236 283.3703210729694
1237 283.6870156077288
1238 284.0042505294194
1239 284.3220263633846
1240 284.6403436349715
1241 284.9592028695261
1242 285.2786045923939
1243 285.5985493289217
1244 285.9190376044542
1245 286.2400699443385
1246 286.56164687391936
1247 286.8837689185446
1248 287.2064366035598
1249 287.5296504543097
1250 287.8534109961409
1251 288.1777187543986
1252 288.5025742544317
1253 288.82797802158274
1254 289.15393058119906
1255 289.4804324586268
1256 289.80748417921234
1257 290.1350862683007
1258 290.46323925123875
1259 290.79194365337145
1260 291.1212000000457
1261 291.4510088166068
1262 291.7813706284018
1263 292.11228596077615
1264 292.4437553390748
1265 292.7757792886453
1266 293.1083583348333
1267 293.44149300298284
1268 293.77518381844334
1269 294.10943130655824
1270 294.4442359926739
1271 294.7795984021372
1272 295.1155190602931
1273 295.4519984924885
1274 295.7890372240685
1275 296.12663578037984
1276 296.4647946867688
1277 296.8035144685804
1278 297.14279565116107
1279 297.4826387598557
1280 297.8230443200123
1281 298.1640128569751
1282 298.50554489609124
1283 298.8476409627075
1284 299.1903015821672
1285 299.5335272798183
1286 299.8773185810065
1287 300.2216760110776
1288 300.566600095377
1289 300.91209135925163
1290 301.25815032804786
1291 301.6047775271108
1292 301.9519734817849
1293 302.2997387174188
1294 302.6480737593573
1295 302.99697913294716
1296 303.3464553635341
1297 303.6965029764628
1298 304.04712249708115
1299 304.3983144507338
1300 304.75007936276626
1301 305.1024177585265
1302 305.4553301633592
1303 305.80881710261065
1304 306.16287910162646
1305 306.51751668575383
1306 306.8727303803366
1307 307.22852071072276
1308 307.5848882022576
1309 307.9418333802863
1310 308.2993567701565
1311 308.6574588972129
1312 309.01614028680143
1313 309.37540146426926
1314 309.7352429549607
1315 310.09566528422346
1316 310.45666897740256
1317 310.81825455984443
1318 311.1804225568949
1319 311.54317349389885
1320 311.9065078962039
1321 312.27042628915444
1322 312.63492919809784
1323 313.00001714838015
1324 313.36569066534685
1325 313.7319502743452
1326 314.0987965007173
1327 314.46622986981504
1328 314.8342509069785
1329 315.20286013755646
1330 315.57205808689605
1331 315.9418452803401
1332 316.3122222432377
1333 316.6831895009342
1334 317.0547475787732
1335 317.4268970021046
1336 317.7996382962692
1337 318.17297198661964
1338 318.54689859849645
1339 318.921418657247
1340 319.2965326882191
1341 319.67224121675576
1342 320.0485447682064
1343 320.42544386791326
1344 320.80293904122595
1345 321.1810308134872
1346 321.559719710046
1347 321.93900625624667
1348 322.3188909774356
1349 322.6993743989579
1350 323.08045704616063
1351 323.462139444389
1352 323.8444221189899
1353 324.22730559530805
1354 324.6107903986912
1355 324.9948770544837
1356 325.37956608803233
1357 325.76485802468295
1358 326.15075338978244
1359 326.53725270867534
1360 326.92435650670654
1361 327.3120653092257
1362 327.7003796415772
1363 328.08930002910324
1364 328.47882699715643
1365 328.86896107107754
1366 329.2597027762163
1367 329.65105263791634
1368 330.04301118152233
1369 330.4355789323841
1370 330.82875641584536
1371 331.2225441572529
1372 331.6169426819524
1373 332.011952515288
1374 332.4075741826078
1375 332.8038082092584
1376 333.20065512058426
1377 333.5981154419311
1378 333.9961896986454
1379 334.3948784160748
1380 334.7941821195632
1381 335.1941013344576
1382 335.5946365861028
1383 335.9957883998479
1384 336.3975573010332
1385 336.79994381501103
1386 337.2029484671226
1387 337.60657178271595
1388 338.0108142871379
1389 338.41567650573234
1390 338.8211589638478
1391 339.22726218682703
1392 339.63398670001857
1393 340.04133302876795
1394 340.44930169841984
1395 340.85789323432175
1396 341.2671081618189
1397 341.6769470062585
1398 342.0874102929853
1399 342.4984985473436
1400 342.91021229468373
1401 343.32255206034847
1402 343.73551836968375
1403 344.1491117480364
1404 344.5633327207542
1405 344.97818181317945
1406 345.39365955066086
1407 345.80976645854406
1408 346.22650306217304
1409 346.6438698868971
1410 347.0618674580599
1411 347.4804963010079
1412 347.89975694108585
1413 348.3196499036425
1414 348.7401757140219
1415 349.1613348975696
1416 349.5831279796344
1417 350.00555548556054
1418 350.4286179406922
1419 350.8523158703773
1420 351.2766497999634
1421 351.70162025479175
1422 352.12722776021127
1423 352.55347284157006
1424 352.9803560242112
1425 353.4078778334813
1426 353.83603879472685
1427 354.26483943329174
1428 354.69428027452614
1429 355.1243618437715
1430 355.5550846663772
1431 355.9864492676888
1432 356.41845617304944
1433 356.8511059078079
1434 357.28439899730853
1435 357.7183359668995
1436 358.15291734192533
1437 358.5881436477319
1438 359.0240154096636
1439 359.4605331530699
1440 359.89769740329405
1441 360.3355086856841
1442 360.7739675255839
1443 361.21307444834173
1444 361.65282997930194
1445 362.09323464381146
1446 362.53428896721414
1447 362.9759934748599
1448 363.41834869208947
1449 363.861355144254
1450 364.30501335669766
1451 364.7493238547654
1452 365.19428716380395
1453 365.6399038091578
1454 366.08617431617654
1455 366.5330992102025
1456 366.98067901658476
1457 367.42891426066586
1458 367.8778054677943
1459 368.327353163316
1460 368.7775578725749
1461 369.22842012091786
1462 369.6799404336942
1463 370.1321193362444
1464 370.58495735392034
1465 371.0384550120613
1466 371.4926128360201
1467 371.94743135113765
1468 372.40291108276193
1469 372.859052556239
1470 373.3158562969127
1471 373.77332283013305
1472 374.2314526812442
1473 374.6902463755899
1474 375.14970443851973
1475 375.60982739537667
1476 376.0706157715088
1477 376.53207009225997
1478 376.99419088297924
1479 377.4569786690102
1480 377.92043397570103
1481 378.38455732839464
1482 378.84934925243783
1483 379.3148102731791
1484 379.7809409159603
1485 380.24774170613136
1486 380.71521316903636
1487 381.18335583002226
1488 381.6521702144334
1489 382.121656847619
1490 382.59181625492096
1491 383.06264896168733
1492 383.534155493264
1493 384.0063363749964
1494 384.47919213223196
1495 384.9527232903159
1496 385.4269303745921
1497 385.90181391041085
1498 386.3773744231136
1499 386.8536124380497
1500 387.33052848056417
1501 387.8081230760016
1502 388.2863967497096
1503 388.7653500270349
1504 389.244983433319
1505 389.7252974939137
1506 390.20629273416097
1507 390.68796967941034
1508 391.1703288550046
1509 391.6533707862912
1510 392.13709599861346
1511 392.6215050173225
1512 393.1065983677618
1513 393.5923765752738
1514 394.0788401652111
1515 394.56598966291347
1516 395.05382559373317
1517 395.5423484830094
1518 396.0315588560935
1519 396.52145723832797
1520 397.01204415506123
1521 397.5033201316391
1522 397.99528569340464
1523 398.48794136570746
1524 398.9812876738914
1525 399.4753251433041
1526 399.9700542992896
1527 400.4654756671943
1528 400.96158977236587
1529 401.4583971401489
1530 401.95589829588977
1531 402.45409376493564
1532 402.952984072631
1533 403.4525697443186
1534 403.9528513053495
1535 404.4538292810695
1536 404.9555041968206
1537 405.45787657795404
1538 405.96094694981247
1539 406.4647158377419
1540 406.96918376708953
1541 407.47435126319914
1542 407.98021885141856
1543 408.4867870570937
1544 408.99405640557325
1545 409.5020274221968
1546 410.0107006323144
1547 410.52007656127336
1548 411.0301557344161
1549 411.54093867709105
1550 412.0524259146418
1551 412.5646179724194
1552 413.07751537576155
1553 413.59111865002274
1554 414.1054283205424
1555 414.62044491267454
1556 415.136168951758
1557 415.6526009631385
1558 416.16974147216484
1559 416.6875910041835
1560 417.20615008453944
1561 417.7254192385806
1562 418.24539899164756
1563 418.76608986909224
1564 419.2874923962562
1565 419.8096070984878
1566 420.33243450113287
1567 420.85597512953655
1568 421.38022950904724
1569 421.9051981650078
1570 422.43088162276894
1571 422.9572804076694
1572 423.4843950450597
1573 424.0122260602837
1574 424.5407739786891
1575 425.07003932562554
1576 425.6000226264328
1577 426.13072440645794
1578 426.6621451910505
1579 427.19428550555267
1580 427.7271458753098
1581 428.26072682567127
1582 428.7950288819848
1583 429.3300525695925
1584 429.86579841383843
1585 430.4022669400731
1586 430.93945867363846
1587 431.4773741398861
1588 432.0160138641593
1589 432.5553783718001
1590 433.09546818815755
1591 433.63628383858094
1592 434.1778258484108
1593 434.72009474299495
1594 435.263091047684
1595 435.8068152878161
1596 436.3512679887439
1597 436.8964496758078
1598 437.44236087435934
1599 437.9890021097384
1600 438.5363739072963
1601 439.0844767923763
1602 439.6333112903284
1603 440.18287792649016
1604 440.7331772262139
1605 441.28420971484456
1606 441.83597591773014
1607 442.38847636021274
1608 442.94171156763997
1609 443.49568206535577
1610 444.05038837870995
1611 444.605831033049
1612 445.16201055371727
1613 445.7189274660573
1614 446.2765822954173
1615 446.834975567146
1616 447.3941078065863
1617 447.95397953908304
1618 448.51459128998806
1619 449.0759435846421
1620 449.6380369483925
1621 450.20087190658495
1622 450.76444898456657
1623 451.32876870768234
1624 451.89383160127835
1625 452.4596381907014
1626 453.0261890012966
1627 453.59348455841166
1628 454.1615253873895
1629 454.73031201357736
1630 455.29984496232294
1631 455.8701247589711
1632 456.4411519288662
1633 457.01292699735876
1634 457.58545048978766
1635 458.1587229315052
1636 458.73274484785276
1637 459.3075167641814
1638 459.8830392058318
1639 460.45931269815406
1640 461.0363377664922
1641 461.61411493619096
1642 462.19264473260176
1643 462.7719276810657
1644 463.3519643069283
1645 463.9327551355391
1646 464.51430069223795
1647 465.0966015023783
1648 465.67965809130277
1649 466.26347098435696
1650 466.84804070688756
1651 467.43336778424094
1652 468.01945274175677
1653 468.60629610479265
1654 469.1938983986872
1655 469.7822601487916
1656 470.3713818804398
1657 470.9612641189918
1658 471.55190738978774
1659 472.1433122181707
1660 472.735479129495
1661 473.32840864909724
1662 473.9221013023271
1663 474.5165576145301
1664 475.1117781110561
1665 475.70776331724653
1666 476.3045137584474
1667 476.9020299600076
1668 477.5003124472743
1669 478.0993617455882
1670 478.6991783802969
1671 479.2997628767485
1672 479.9011157602886
1673 480.50323755626283
1674 481.10612879001565
1675 481.70978998689475
1676 482.3142216722447
1677 482.91942437141523
1678 483.5253986097493
1679 484.1321449125912
1680 484.73966380528685
1681 485.3479558131859
1682 485.95702146163535
1683 486.5668612759778
1684 487.1774757815579
1685 487.7888655037241
1686 488.40103096782195
1687 489.0139726991971
1688 489.62769122319725
1689 490.2421870651647
1690 490.8574607504499
1691 491.47351280440006
1692 492.0903437523504
1693 492.7079541196591
1694 493.3263444316637
1695 493.9455152137206
1696 494.56546699116336
1697 495.1862002893436
1698 495.8077156336089
1699 496.4300135493042
1700 497.05309456177315
1701 497.67695919636327
1702 498.30160797842365
1703 498.92704143329456
1704 499.5532600863277
1705 500.1802644628635
1706 500.80805508825307
1707 501.43663248783986
1708 502.0659971869691
1709 502.69614971098935
1710 503.3270905852426
1711 503.95882033507866
1712 504.59133948584
1713 505.2246485628747
1714 505.8587480915334
1715 506.4936385971535
1716 507.12932060508564
1717 507.76579464067333
1718 508.4030612292654
1719 509.04112089620526
1720 509.6799741668457
1721 510.3196215665238
1722 510.9600636205887
1723 511.60130085438766
1724 512.2433337932632
1725 512.8861629625682
1726 513.5297888876403
1727 514.1742120938314
1728 514.8194331064866
1729 515.4654524509472
1730 516.1122706525663
1731 516.7598882366877
1732 517.4083057286539
1733 518.0575236538118
1734 518.7075425375116
1735 519.358362905094
1736 520.0099852819108
1737 520.662410193301
1738 521.3156381646157
1739 521.9696697211971
1740 522.6245053883978
1741 523.2801456915546
1742 523.936591156021
1743 524.5938423071417
1744 525.251899670259
1745 525.9107637707228
1746 526.5704351338753
1747 527.2309142850647
1748 527.8922017496413
1749 528.5542980529425
1750 529.2172037203219
1751 529.8809192771165
1752 530.5454452486829
1753 531.2107821603571
1754 531.8769305374951
1755 532.5438909054361
1756 533.2116637895275
1757 533.8802497151165
1758 534.5496492075492
1759 535.2198627921667
1760 535.8908909943231
1761 536.5627343393601
1762 537.2353933526211
1763 537.9088685594546
1764 538.5831604852092
1765 539.2582696552261
1766 539.9341965948553
1767 540.6109418294418
1768 541.2885058843282
1769 541.9668892848639
1770 542.6460925563923
1771 543.326116224266
1772 544.0069608138263
1773 544.6886268504132
1774 545.3711148593852
1775 546.0544253660781
1776 546.7385588958409
1777 547.4235159740216
1778 548.1092971259637
1779 548.7959028770135
1780 549.4833337525181
1781 550.1715902778295
1782 550.8606729782807
1783 551.5505823792265
1784 552.241319006008
1785 552.9328833839749
1786 553.6252760384768
1787 554.3184974948484
1788 555.0125482784488
1789 555.7074289146094
1790 556.4031399286863
1791 557.099681846029
1792 557.7970551919728
1793 558.4952604918725
1794 559.1942982710674
1795 559.8941690549057
1796 560.59487336874
1797 561.2964117379106
1798 561.998784687757
1799 562.7019927436379
1800 563.4060364308875
1801 564.1109162748554
1802 564.8166328008941
1803 565.523186534344
1804 566.2305780005527
1805 566.9388077248655
1806 567.647876232626
1807 568.3577840491846
1808 569.0685316998891
1809 569.7801197100761
1810 570.4925486050975
1811 571.2058189102977
1812 571.9199311510279
1813 572.6348858526283
1814 573.3506835404451
1815 574.0673247398298
1816 574.7848099761218
1817 575.5031397746668
1818 576.222314660824
1819 576.9423351599178
1820 577.6632017973077
1821 578.3849150983395
1822 579.1074755883582
1823 579.83088379271
1824 580.5551402367382
1825 581.2802454457888
1826 582.0061999452128
1827 582.7330042603476
1828 583.4606589165487
1829 584.1891644391509
1830 584.9185213535114
1831 585.6487301849739
1832 586.3797914588798
1833 587.111705700576
1834 587.8444734354082
1835 588.5780951887326
1836 589.3125714858793
1837 590.0479028522064
1838 590.7840898130504
1839 591.5211328937633
1840 592.2590326196902
1841 592.9977895161757
1842 593.7374041085699
1843 594.4778769222152
1844 595.2192084824551
1845 595.9613993146396
1846 596.7044499441191
1847 597.4483608962282
1848 598.1931326963204
1849 598.9387658697389
1850 599.6852609418354
1851 600.4326184379478
1852 601.1808388834219
1853 601.9299228036103
1854 602.6798707238572
1855 603.4306831695083
1856 604.1823606659074
1857 604.9349037384067
1858 605.6883129123391
1859 606.4425887130651
1860 607.1977316659222
1861 607.9537422962592
1862 608.7106211294238
1863 609.4683686907524
1864 610.2269855056054
1865 610.9864720993211
1866 611.746828997246
1867 612.508056724721
1868 613.2701558071019
1869 614.0331267697344
1870 614.7969701379526
1871 615.5616864371123
1872 616.3272761925552
1873 617.0937399296309
1874 617.8610781736892
1875 618.6292914500619
1876 619.3983802841051
1877 620.1683452011687
1878 620.9391867265923
1879 621.7109053857214
1880 622.4835017039057
1881 623.256976206481
1882 624.0313294188113
1883 624.806561866229
1884 625.5826740740837
1885 626.359666567721
1886 627.1375398724906
1887 627.9162945137257
1888 628.6959310167921
1889 629.4764499070197
1890 630.2578517097623
1891 631.0401369503628
1892 631.8233061541721
1893 632.607359846531
1894 633.3922985527823
1895 634.1781227982829
1896 634.964833108369
1897 635.7524300083871
1898 636.540914023693
1899 637.3302856796214
1900 638.1205455015262
1901 638.911694014743
1902 639.7037317446287
1903 640.4966592165275
1904 641.2904769557796
1905 642.0851854877307
1906 642.88078533774
1907 643.6772770311374
1908 644.4746610932798
1909 645.2729380495043
1910 646.0721084251661
1911 646.872172745604
1912 647.6731315361668
1913 648.4749853222031
1914 649.2777346290509
1915 650.0813799820653
1916 650.8859219065882
1917 651.6913609279649
1918 652.4976975715367
1919 653.304932362663
1920 654.1130658266769
1921 654.9220984889326
1922 655.7320308747707
1923 656.5428635095408
1924 657.354596918591
1925 658.1672316272603
1926 658.980768160897
1927 659.7952070448493
1928 660.6105488044645
1929 661.4267939650757
1930 662.24394305205
1931 663.0619965907217
1932 663.8809551064393
1933 664.7008191245388
1934 665.5215891703849
1935 666.3432657693058
1936 667.1658494466557
1937 667.9893407277817
1938 668.8137401380295
1939 669.6390482027449
1940 670.4652654472691
1941 671.2923923969503
1942 672.120429577142
1943 672.9493775131798
1944 673.7792367304096
1945 674.6100077541923
1946 675.4416911098539
1947 676.2742873227546
1948 677.1077969182327
1949 677.9422204216361
1950 678.7775583583142
1951 679.6138112536099
1952 680.4509796328713
1953 681.289064021438
1954 682.1280649446701
1955 682.9679829278962
1956 683.8088184964752
1957 684.650572175746
1958 685.4932444910588
1959 686.3368359677551
1960 687.1813471311822
1961 688.0267785066877
1962 688.8731306196204
1963 689.7204039953276
1964 690.5685991591421
1965 691.4177166364177
1966 692.2677569525059
1967 693.1187206327447
1968 693.9706082024913
1969 694.8234201870741
1970 695.6771571118552
1971 696.5318195021764
1972 697.3874078833759
1973 698.243922780808
1974 699.1013647198098
1975 699.9597342257429
1976 700.8190318239413
1977 701.679258039743
1978 702.540413398517
1979 703.4024984255941
1980 704.2655136463195
1981 705.1294595860422
1982 705.9943367701156
1983 706.8601457238759
1984 707.7268869726705
1985 708.5945610418499
1986 709.463168456749
1987 710.3327097427295
1988 711.2031854251271
1989 712.0745960292907
1990 712.9469420805626
1991 713.8202241042974
1992 714.694442625834
1993 715.5695981705221
1994 716.4456912637014
1995 717.3227224307228
1996 718.2006921969297
1997 719.0796010876849
1998 719.9594496283049
1999 720.8402383441515
2000 721.7219677605744
2001 722.604638402909
2002 723.4882507965124
2003 724.3728054667331
2004 725.2583029388907
2005 726.144743738362
2006 727.0321283904766
2007 727.9204574205887
2008 728.8097313540385
2009 729.699950716173
2010 730.5911160323391
2011 731.4832278278798
2012 732.3762866281497
2013 733.2702929584833
2014 734.1652473442346
2015 735.0611503107474
2016 735.9580023833695
2017 736.8558040874389
2018 737.754555948313
2019 738.6542584913309
2020 739.5549122418432
2021 740.456517725189
2022 741.3590754667184
2023 742.2625859917802
2024 743.1670498257147
2025 744.0724674938692
2026 744.9788395215922
2027 745.886166434227
2028 746.7944487571228
2029 747.7036870156222
2030 748.6138817350699
2031 749.5250334408273
2032 750.4371426582135
2033 751.3502099125922
2034 752.2642357293074
2035 753.1792206337084
2036 754.0951651511318
2037 755.012069806927
2038 755.9299351264387
2039 756.8487616350247
2040 757.7685498580179
2041 758.6893003207679
2042 759.6110135486172
2043 760.5336900669229